+100 +100 +100 -100 +100 +100 -100 -100 +100 0.7 0.6 0.3
+100 -100 +100 +100 +100 +100 -100 -100 +100 0.7 0.6 0.3

+100 +100 +100 +100 -100 +100 +100 -100 -100 0.7 0.2 0.1
+100 +100 -100 +100 +100 +100 +100 -100 -100 0.7 0.2 0.1

-100 +100 +100 +100 +100 +100 -100 +100 -100 0.5 0.3 0.5
+100 +100 +100 +100 +100 -100 -100 +100 -100 0.5 0.3 0.5

-100 -100 +100 -100 +100 +100 -100 -100 -100 0.1 0.6 0.2
-100 +100 +100 -100 +100 -100 -100 -100 -100 0.1 0.6 0.2

+100 -100 +100 -100 -100 +100 -100 -100 -100 0.5 0.5 0.5
+100 -100 -100 +100 -100 +100 -100 -100 -100 0.5 0.5 0.5

-100 +100 -100 +100 +100 -100 -100 -100 -100 0.2 0.2 0.9
+100 +100 -100 +100 -100 -100 -100 -100 -100 0.2 0.2 0.9
